2 0.5021459765625 0.7736459582172702 0.5259684578125 0.5327920083565459 0.53450446875 0.5046889999999999 0.5302323734375001 0.4664026016713092 0.5536774515625 0.43888132590529244 0.5601125 0.4203799777158775 0.5611624609375 0.409764487465181 0.5632625796874999 0.38853152089136495 0.558532009375 0.36652033426183844 0.5443430171875 0.335378704735376 0.5344908390625001 0.33022932311977715 0.52943395 0.33479696935933145 0.5293665062499999 0.31219918941504177 0.5255583421875001 0.32742145125348193 0.5193848921875001 0.3316381142061281 0.46329519062499996 0.3283736072423398 0.4447073953125 0.3184258217270195 0.4305885734375 0.3447739108635097 0.399524440625 0.36784776880222836 0.37101975 0.3650447576601671 0.33253344218750003 0.3816806713091922 0.31151836875 0.40791338718662956 0.300816678125 0.457912208913649 0.2944463484375 0.46411940389972145 0.276384475 0.46049418941504183 0.24577882031249998 0.4672928356545961 0.2195389765625 0.4561775459610028 0.21664462499999998 0.4854404930362117 0.2631206171875 0.501477947075209 0.2746152796875 0.5133008830083565 0.291560590625 0.5165751114206129 0.29412275781249997 0.5255901782729805 0.2266732796875 0.5556982924791086 0.2099171421875 0.5534577855153203 0.206552596875 0.5874745571030641 0.22260351875 0.5852052367688022 0.2561003796875 0.5957347520891365 0.2965582140625 0.5940854902506963 0.305490709375 0.5968933593314764 0.3054259921875 0.6091875153203342 0.29774221875 0.6170342534818941 0.2679322625 0.7205465933147632 0.2512567265625 0.8076634930362117 0.2486352953125 0.8807264540389972 0.2311667875 0.9060215877437326 0.229518225 0.9226891559888579 0.462434928125 0.995904974930362 0.46413450312500004 0.9833582757660168 0.5021459765625 0.7736459582172702
2 0.5014018265625 1 0.50117793125 0.9929502172701951 0.5040636875 0.9404945097493036 0.49755846875 0.9015061392757661 0.49236941874999995 0.8957701643454038 0.4844240484375 0.9179015849582174 0.48521429375 0.9448314094707521 0.47543228437499996 0.9971717409470752 0.4752098046875 0.9999206740947075 0.47546215937499997 1 0.5014018265625 1
2 0.5367072484375 1 0.5342783078125 0.9725688523676881 0.5370319015625 0.9098095181058496 0.5281641234375 0.8947074930362118 0.5198249921875 0.9208199721448468 0.513133296875 1 0.5367072484375 1
2 0.607967975 0.11114123398328692 0.5995614 0.11465593314763231 0.5920772328125 0.15540407799442899 0.5897821171875 0.20188820055710305 0.5785545046875 0.2455644540389972 0.5793447515625 0.2724942757660167 0.5979298203125001 0.24755012256267409 0.6199238421875 0.14158089415041783 0.6213020031250001 0.1276471922005571 0.607967975 0.11114123398328692
2 0.6000444109374999 0.4124081448467966 0.602541859375 0.43371736490250695 0.61455971875 0.41697093314763234 0.621059484375 0.3861754317548746 0.6228314046875 0.3682606740947075 0.6163936296875 0.3518700891364902 0.611533621875 0.35444720891364906 0.6000444109374999 0.4124081448467966
2 0.6663664218750001 0.2423813008356546 0.6693223484375 0.24741530919220056 0.6777289234375 0.24390061002785518 0.6848867734375 0.22973130362116992 0.686264934375 0.2157976044568245 0.686197490625 0.19319982172701947 0.6733893859375 0.18301643175487467 0.6663664218750001 0.2423813008356546
2 0.66438671875 0.12271884122562673 0.6737749671875 0.07435956545961003 0.674956246875 0.06241639275766017 0.6694381546875 0.04836732033426184 0.6586015765625 0.05317057938718663 0.6520398171874999 0.13115217548746516 0.66438671875 0.12271884122562673
2 0.5979059906249999 0.7832233203342618 0.574587621875 0.751264348189415 0.5709763390625 0.7644960807799442 0.5717665843749999 0.7914258997214484 0.575839071875 0.7968108941504178 0.5707201921875 0.848564635097493 0.588191425 0.85816143454039 0.5974502375 0.8343904651810585 0.59863151875 0.8224472952646239 0.5979059906249999 0.7832233203342618
2 0.63023995 0.20023893593314765 0.6270898703125 0.23208739554317548 0.63772956875 0.22927466295264623 0.651780946875 0.18032879387186632 0.6519778265625 0.17833826462395544 0.6464597328125 0.1642891922005571 0.639169721875 0.16815487186629527 0.63023995 0.20023893593314765
2 0.612582740625 0.3322004094707521 0.6283440453125 0.3125258746518106 0.6296574875000001 0.3108863314763231 0.6289994046875 0.2942601364902507 0.6242041140625 0.2845431030640669 0.6159944187499999 0.2860672729805014 0.612582740625 0.3322004094707521
2 0.6640065890625 0.3011595793871866 0.6572424984375 0.3113478300835655 0.6557349015625 0.34986983844011144 0.6581001875 0.3608754317548747 0.668149246875 0.364034286908078 0.670973009375 0.3587646713091922 0.67205585 0.34781676323119776 0.672086846875 0.32422371866295263 0.6640065890625 0.3011595793871866
2 0.3734375 0.6142061281337048 0.396875 0.7715877437325905
2 0.61953125 0.04735376044568245 0.040625 0.04456824512534819
2 0.59921875 0.1977715877437326 0.053125 0.17270194986072424
2 0.49140625 0.9484679665738162 0.0453125 0.10306406685236769
2 0.66328125 0.09331476323119778 0.03125 0.09749303621169916
2 0.64140625 0.201949860724234 0.028125 0.08635097493036212
2 0.6203125 0.3064066852367688 0.0171875 0.06128133704735376
2 0.6125 0.39415041782729804 0.03125 0.10306406685236769
2 0.66328125 0.33008356545961004 0.025 0.06406685236768803
2 0.67890625 0.2200557103064067 0.034375 0.08913649025069638