2 0.375077521875 0.028492420168067228 0.3584423578125 0.022153526610644257 0.34301267968750004 0.034975697478991596 0.3375640984375 0.05160120728291317 0.335940853125 0.0946199831932773 0.329785090625 0.117209918767507 0.3176824453125 0.13129986554621847 0.3137287703125 0.22330184593837538 0.3049531578125 0.23865957703081234 0.305451459375 0.2637850700280112 0.299295696875 0.28637500280112044 0.31048227968750003 0.3093394005602241 0.3022049671875 0.34982262184873947 0.2991673578125 0.4047702549019608 0.306319725 0.43243130252100836 0.3305250171875 0.4042514005602241 0.35813788125 0.4646446106442577 0.3479479046875 0.4919311960784314 0.3420815609375 0.570736543417367 0.35276984375 0.5685754509803922 0.37294091875 0.5450921988795518 0.379803865625 0.5165378347338936 0.38504356562500003 0.5310022521008403 0.41590292343749996 0.5053579075630251 0.41873165312499994 0.4815001932773109 0.41207758749999995 0.47896463585434174 0.405632403125 0.445339162464986 0.41524353593749996 0.305621756302521 0.4192777515625 0.3009251036414566 0.41615960156250004 0.268567406162465 0.42061157656250003 0.20169091596638655 0.4127520265625 0.1799942969187675 0.41296090625000004 0.1489043781512605 0.3869712875 0.04549239215686275 0.375077521875 0.028492420168067228
2 0.408446078125 0.920187943977591 0.41905381875 0.8307215182072829 0.4237952140625 0.8200604425770308 0.42329691406250003 0.794934949579832 0.41805721250000005 0.7804705350140055 0.41776779218750004 0.7242551260504202 0.39701787187500004 0.6353075518207283 0.3832114390625 0.6051109467787115 0.36466360937500003 0.5855754201680672 0.3525609609375 0.5996653697478992 0.3471123828125 0.6162908767507003 0.3303488796875 0.7283472352941177 0.33537969843750004 0.7739015686274511 0.33325815 0.7917948543417368 0.3404105171875 0.8194559019607842 0.33425475625 0.842045837535014 0.3368746046875 0.8492780420168067 0.3305099609375 0.9029578963585435 0.3364568453125 0.9114578823529412 0.3478523078125 0.9033323613445378 0.366898440625 0.9479933809523808 0.3642762953125 0.9594522661064425 0.4153906703125 0.9789295938375351 0.4160967484375 0.9729744845938376 0.408446078125 0.920187943977591
2 0.371875 0.3081232492997199 0.2015625 0.5882352941176471
2 0.3796875 0.7829131652661064 0.15625 0.39215686274509803
2 0.27109375 0.5756302521008403 0.1703125 0.42857142857142855
2 0.60078125 0.13725490196078433 0.1234375 0.24929971988795518
2 0.553125 0.27170868347338933 0.159375 0.31932773109243695
2 0.565625 0.8683473389355743 0.0859375 0.2184873949579832
2 0.609375 0.6330532212885154 0.0625 0.1876750700280112
2 0.62265625 0.9831932773109243 0.0359375 0.03361344537815126
2 0.71015625 0.3627450980392157 0.046875 0.13445378151260504